0.484206 501
0.484109 500
0.484034 499
0.483916 499
0.483916 498
0.483916 497
0.483791 497
0.483687 497
0.48355 497
0.483546 496
0.483477 495
0.483477 494
0.483302 493
0.483181 493
0.483181 492
0.483181 490
0.483181 489
0.483077 489
0.48299 488
0.482909 486
0.482909 485
0.482824 484
0.482724 484
0.482635 483
0.482506 483
0.482506 482
0.48235 482
0.48235 481
0.482239 481
0.482134 481
0.482101 481
0.482039 480
0.481905 480
0.481844 479
0.481753 478
0.481638 478
0.481572 477
0.481503 476
0.481503 475
0.481387 475
0.481285 475
0.481176 475
0.481176 474
0.481083 473
0.481083 472
0.480889 471
0.480889 469
0.480775 469
0.480649 469
0.480649 468
0.480489 467
0.480397 466
0.480311 465
0.480311 464
0.480197 464
0.480197 463
0.480108 462
0.479992 462
0.479992 461
0.479895 461
0.47983 460
0.479769 458
0.479651 458
0.479651 457
0.479651 456
0.479651 455
0.47953 455
0.47953 454
0.47953 453
0.47953 452
0.47944 451
0.479369 450
0.479369 449
0.47923 449
0.479229 448
0.479118 448
0.478983 448
0.478983 447
0.478896 446
0.478812 444
0.478812 443
0.478713 443
0.478574 443
0.478487 442
0.478386 442
0.478283 442
0.478283 441
0.478153 441
0.478079 440
0.477985 439
0.477796 438
0.477715 437
0.477637 436
0.47736 436
0.477257 436
0.477185 435
0.476902 434
0.476698 433
0.476698 432
0.476592 432
0.476458 432
0.476458 431
0.476339 431
0.476214 431
0.476087 431
0.475965 431
0.475876 430
0.47582 429
0.475708 429
0.475708 428
0.475708 427
0.475603 427
0.475528 426
0.475426 426
0.475426 425
0.475342 424
0.475212 424
0.475083 424
0.474973 424
0.474866 424
0.474779 423
0.474697 422
0.474697 421
0.474546 421
0.474425 421
0.47431 421
0.474218 420
0.474111 420
0.474006 420
0.473898 420
0.473801 420
0.473673 420
0.473544 419
0.473544 418
0.473436 418
0.473293 418
0.473187 418
0.472975 418
0.472897 417
0.472897 416
0.472789 416
0.472784 415
0.472669 415
0.472546 415
0.472313 415
0.472214 415
0.47215 414
0.472015 414
0.471939 413
0.471823 413
0.471691 413
0.471572 413
0.471498 412
0.471372 412
0.471276 411
0.471162 411
0.471062 411
0.470828 411
0.470602 411
0.470517 410
0.470517 409
0.470386 409
0.470286 409
0.47006 409
0.469937 409
0.469849 408
0.469749 408
0.46963 407
0.469538 406
0.469418 406
0.469418 405
0.469295 405
0.469198 405
0.469081 405
0.469081 404
0.468937 404
0.468831 403
0.468726 403
0.468507 402
0.468388 402
0.468279 402
0.468148 402
0.467934 402
0.46783 402
0.467636 401
0.467568 400
0.467266 399
0.467044 399
0.466957 398
0.46683 397
0.466769 396
0.466728 395
0.466645 394
0.466517 394
0.466429 393
0.466227 392
0.466078 392
0.465897 390
0.465808 389
0.465674 389
0.465548 389
0.46543 389
0.465303 389
0.465051 389
0.464958 388
0.464866 387
0.464796 386
0.464563 386
0.464464 386
0.464341 386
0.464104 386
0.463986 386
0.46389 385
0.463685 384
0.463605 383
0.463477 383
0.463383 382
0.463261 382
0.463151 382
0.462859 382
0.462747 382
0.462562 381
0.462335 380
0.462233 380
0.461991 380
0.461863 380
0.461726 380
0.461713 379
0.461611 379
0.461482 379
0.461405 378
0.461267 378
0.461168 378
0.461081 377
0.460976 377
0.460784 376
0.460638 374
0.460541 374
0.460344 373
0.460207 373
0.460122 372
0.459724 370
0.459518 370
0.459293 370
0.459166 370
0.459049 370
0.458931 370
0.45885 369
0.458704 369
0.458586 369
0.458475 369
0.458396 368
0.458268 368
0.458145 368
0.458043 368
0.457837 366
0.457722 366
0.457304 365
0.457203 365
0.457097 363
0.45672 363
0.456607 363
0.456395 362
0.456277 362
0.455861 360
0.455639 360
0.455557 359
0.455473 358
0.455387 356
0.454759 356
0.454699 355
0.454591 355
0.454497 354
0.454401 354
0.454235 353
0.453785 352
0.453664 352
0.453477 351
0.453382 350
0.452921 350
0.452802 350
0.45217 348
0.452042 348
0.451942 348
0.451582 348
0.451122 348
0.450585 347
0.450207 346
0.45011 346
0.449642 345
0.449456 344
0.449261 343
0.449162 343
0.448743 342
0.448523 341
0.447885 341
0.447835 340
0.447289 339
0.446913 337
0.446301 337
0.446127 336
0.445776 336
0.445377 336
0.444882 335
0.444581 333
0.443731 330
0.442966 327
0.442239 325
0.441815 325
0.441486 325
0.440805 325
0.440517 323
0.440194 322
0.439222 320
0.438768 320
0.43844 318
0.437849 318
0.437606 316
0.436854 314
0.435637 314
0.434948 314
0.434145 313
0.43255 312
0.431617 309
0.429761 305
0.428476 304
0.426324 300
0.425095 299
0.422963 296
0.419816 291
0.416561 285
0.413281 281
0.409435 271
0.403738 266
0.39426 248
0.367982 223
0 0
0 0
0 0
0 0
0 0
0 0
0 0
0 0
0 0
0 0
0 0
0 0
0 0
0 0
0 0
