0.736221 501 0.9004
0.736221 500 0.9005
0.736221 499 0.9008
0.736028 499 0.901
0.736028 498 0.9021
0.736028 497 0.9023
0.735834 497 0.9025
0.735641 497 0.9028
0.735448 497 0.9029
0.735448 496 0.9042
0.735448 495 0.9051
0.735448 494 0.9071
0.735254 493 0.9074
0.735061 493 0.9087
0.735061 492 0.9094
0.735061 490 0.9111
0.735061 489 0.9117
0.734868 489 0.9125
0.734868 488 0.9127
0.734868 486 0.9132
0.734868 485 0.9141
0.734868 484 0.9143
0.734674 484 0.9144
0.734674 483 0.9147
0.734481 483 0.9149
0.734481 482 0.9153
0.734287 482 0.9154
0.734287 481 0.9156
0.734094 481 0.9163
0.733901 481 0.9171
0.733707 481 0.9172
0.733707 480 0.9176
0.733514 480 0.9179
0.733514 479 0.9182
0.733514 478 0.9183
0.73332 478 0.9186
0.73332 477 0.9194
0.73332 476 0.9196
0.73332 475 0.9204
0.733127 475 0.9208
0.732934 475 0.9213
0.73274 475 0.9216
0.73274 474 0.9217
0.73274 473 0.922
0.73274 472 0.9221
0.732547 471 0.9224
0.732547 469 0.9225
0.732354 469 0.9232
0.73216 469 0.9234
0.73216 468 0.9238
0.731967 467 0.9239
0.731967 466 0.9252
0.731967 465 0.9273
0.731967 464 0.9275
0.731773 464 0.9284
0.731773 463 0.9291
0.731773 462 0.9296
0.73158 462 0.9297
0.73158 461 0.93
0.731387 461 0.9309
0.731387 460 0.9314
0.731387 458 0.9317
0.731193 458 0.9332
0.731193 457 0.9333
0.731193 456 0.9335
0.731193 455 0.9338
0.731 455 0.9346
0.731 454 0.9349
0.731 453 0.9368
0.731 452 0.937
0.731 451 0.9377
0.731 450 0.9378
0.731 449 0.9403
0.730806 449 0.9407
0.730806 448 0.9418
0.730613 448 0.9428
0.73042 448 0.9431
0.73042 447 0.9435
0.73042 446 0.9436
0.73042 444 0.9439
0.73042 443 0.9444
0.730226 443 0.9445
0.730033 443 0.9458
0.730033 442 0.9465
0.729839 442 0.9466
0.729646 442 0.9471
0.729646 441 0.9477
0.729453 441 0.9478
0.729453 440 0.9479
0.729453 439 0.9487
0.729259 438 0.9489
0.729259 437 0.9494
0.729259 436 0.9495
0.728873 436 0.9497
0.728679 436 0.9503
0.728679 435 0.9509
0.728292 434 0.951
0.728099 433 0.9514
0.728099 432 0.9517
0.727906 432 0.9519
0.727712 432 0.9522
0.727712 431 0.9524
0.727519 431 0.9526
0.727325 431 0.9528
0.727132 431 0.9529
0.726939 431 0.953
0.726939 430 0.9531
0.726939 429 0.9532
0.726745 429 0.9534
0.726745 428 0.9541
0.726745 427 0.9547
0.726552 427 0.955
0.726552 426 0.9558
0.726359 426 0.956
0.726359 425 0.9568
0.726359 424 0.9569
0.726165 424 0.9571
0.725972 424 0.9579
0.725778 424 0.958
0.725585 424 0.9585
0.725585 423 0.9586
0.725585 422 0.9592
0.725585 421 0.9596
0.725392 421 0.9607
0.725198 421 0.9608
0.725005 421 0.961
0.725005 420 0.9617
0.724811 420 0.9622
0.724618 420 0.9627
0.724425 420 0.9632
0.724231 420 0.9635
0.724038 420 0.9639
0.723845 419 0.964
0.723845 418 0.9645
0.723651 418 0.9646
0.723458 418 0.9649
0.723264 418 0.9654
0.722878 418 0.9655
0.722878 417 0.9656
0.722878 416 0.9663
0.722684 416 0.9666
0.722684 415 0.9668
0.722491 415 0.967
0.722297 415 0.9671
0.721911 415 0.9672
0.721717 415 0.9673
0.721717 414 0.9675
0.721524 414 0.9677
0.721524 413 0.9684
0.72133 413 0.9685
0.721137 413 0.969
0.720944 413 0.9695
0.720944 412 0.9696
0.72075 412 0.9698
0.72075 411 0.9701
0.720557 411 0.9706
0.720364 411 0.9714
0.719977 411 0.9715
0.71959 411 0.9716
0.71959 410 0.9717
0.71959 409 0.9719
0.719397 409 0.9722
0.719203 409 0.9726
0.718816 409 0.9733
0.718623 409 0.9734
0.718623 408 0.9736
0.71843 408 0.9737
0.718236 407 0.9742
0.718236 406 0.9746
0.718043 406 0.9758
0.718043 405 0.9759
0.71785 405 0.9761
0.717656 405 0.9762
0.717463 405 0.9764
0.717463 404 0.9766
0.717269 404 0.9768
0.717076 403 0.9771
0.716883 403 0.9772
0.716689 402 0.9773
0.716496 402 0.9775
0.716302 402 0.9778
0.716109 402 0.978
0.715722 402 0.9781
0.715529 402 0.9783
0.715336 401 0.9785
0.715336 400 0.9786
0.714949 399 0.9787
0.714562 399 0.9789
0.714562 398 0.9791
0.714369 397 0.9797
0.714369 396 0.9799
0.714369 395 0.9801
0.714369 394 0.9802
0.714175 394 0.9807
0.714175 393 0.9808
0.713982 392 0.9813
0.713788 392 0.9815
0.713788 390 0.9816
0.713788 389 0.9817
0.713595 389 0.9823
0.713402 389 0.9824
0.713208 389 0.9825
0.713015 389 0.9827
0.712628 389 0.983
0.712628 388 0.9831
0.712628 387 0.9832
0.712628 386 0.9834
0.712241 386 0.9835
0.712048 386 0.9836
0.711855 386 0.9841
0.711468 386 0.9842
0.711274 386 0.9845
0.711274 385 0.9849
0.711081 384 0.985
0.711081 383 0.9853
0.710888 383 0.9854
0.710888 382 0.9855
0.710694 382 0.9856
0.710501 382 0.9857
0.710114 382 0.9858
0.709921 382 0.9866
0.709727 381 0.9869
0.709534 380 0.9871
0.709341 380 0.9872
0.708954 380 0.9873
0.70876 380 0.9874
0.708567 380 0.9875
0.708567 379 0.9876
0.708374 379 0.9877
0.70818 379 0.9879
0.70818 378 0.988
0.707987 378 0.9881
0.707793 378 0.9882
0.707793 377 0.9884
0.7076 377 0.9885
0.707407 376 0.9887
0.707407 374 0.9888
0.707213 374 0.9889
0.70702 373 0.989
0.706827 373 0.9891
0.706827 372 0.9892
0.70644 370 0.9894
0.706053 370 0.9895
0.705666 370 0.9896
0.705473 370 0.9897
0.705279 370 0.9898
0.705086 370 0.9899
0.705086 369 0.99
0.704893 369 0.9902
0.704699 369 0.9903
0.704506 369 0.9904
0.704506 368 0.9906
0.704313 368 0.9907
0.704119 368 0.9908
0.703926 368 0.9912
0.703732 366 0.9914
0.703539 366 0.9915
0.702959 365 0.9916
0.702765 365 0.9917
0.702572 363 0.9918
0.701992 363 0.9919
0.701798 363 0.992
0.701605 362 0.9921
0.701412 362 0.9922
0.700832 360 0.9923
0.700445 360 0.9924
0.700445 359 0.9925
0.700445 358 0.9926
0.700445 356 0.9927
0.699478 356 0.9928
0.699478 355 0.9929
0.699284 355 0.993
0.699284 354 0.9931
0.699091 354 0.9932
0.698898 353 0.9933
0.698318 352 0.9937
0.698124 352 0.9938
0.697931 351 0.9939
0.697931 350 0.994
0.697157 350 0.9941
0.696964 350 0.9942
0.69619 348 0.9943
0.695997 348 0.9944
0.695804 348 0.9945
0.695223 348 0.9947
0.69445 348 0.9948
0.693676 347 0.9949
0.693096 346 0.995
0.692903 346 0.9951
0.692323 345 0.9952
0.692129 344 0.9953
0.691936 343 0.9954
0.691742 343 0.9955
0.691162 342 0.9956
0.690969 341 0.9957
0.690002 341 0.9958
0.690002 340 0.9959
0.689228 339 0.996
0.688842 337 0.9963
0.687875 337 0.9964
0.687681 336 0.9965
0.687101 336 0.9966
0.686521 336 0.9967
0.685747 335 0.9968
0.685554 333 0.9969
0.684587 330 0.997
0.683814 327 0.9971
0.682847 325 0.9972
0.682266 325 0.9973
0.681686 325 0.9974
0.680526 325 0.9975
0.680333 323 0.9976
0.679946 322 0.9977
0.678592 320 0.9978
0.677819 320 0.9979
0.677432 318 0.998
0.676465 318 0.9981
0.676272 316 0.9982
0.675305 314 0.9983
0.673371 314 0.9984
0.67221 314 0.9985
0.67105 313 0.9986
0.668729 312 0.9987
0.667569 309 0.9988
0.665055 305 0.9989
0.663121 304 0.999
0.66022 300 0.9991
0.658287 299 0.9992
0.655192 296 0.9993
0.650745 291 0.9994
0.646297 285 0.9995
0.641462 281 0.9996
0.636434 271 0.9997
0.627732 266 0.9998
0.614581 248 0.9999
0.57455 223 1
0 0 1e+020
0 0 1e+020
0 0 1e+020
0 0 1e+020
0 0 1e+020
0 0 1e+020
0 0 1e+020
0 0 1e+020
0 0 1e+020
0 0 1e+020
0 0 1e+020
0 0 1e+020
0 0 1e+020
0 0 1e+020
0 0 1e+020
