0.75614 618 0.8504
0.75614 617 0.8507
0.75614 616 0.8526
0.75614 615 0.8533
0.755947 615 0.8535
0.755753 615 0.8559
0.755753 614 0.856
0.75556 614 0.8572
0.75556 613 0.8578
0.75556 611 0.8581
0.75556 610 0.8586
0.75556 609 0.8588
0.755366 609 0.8592
0.755366 608 0.8614
0.755366 607 0.8624
0.755366 606 0.8627
0.755366 605 0.863
0.755366 603 0.8636
0.755173 603 0.8642
0.755173 602 0.8649
0.75498 602 0.8651
0.75498 601 0.8653
0.754786 601 0.8668
0.754593 601 0.8672
0.754593 600 0.8677
0.7544 600 0.8688
0.7544 599 0.8689
0.7544 598 0.869
0.754206 598 0.8694
0.754013 598 0.8701
0.754013 597 0.8711
0.754013 596 0.8712
0.754013 594 0.8713
0.754013 593 0.8724
0.754013 592 0.8733
0.753819 592 0.8743
0.753819 591 0.8751
0.753819 589 0.8757
0.753819 588 0.8762
0.753819 586 0.8765
0.753819 585 0.8769
0.753626 585 0.8778
0.753433 585 0.8782
0.753433 584 0.8783
0.753433 583 0.8786
0.753239 583 0.8787
0.753239 582 0.8788
0.753046 582 0.8789
0.753046 581 0.8796
0.752852 581 0.8798
0.752659 581 0.8801
0.752659 580 0.8818
0.752659 578 0.8825
0.752659 577 0.8827
0.752659 576 0.8831
0.752659 575 0.8843
0.752659 574 0.8848
0.752659 573 0.885
0.752659 572 0.8853
0.752659 571 0.8854
0.752659 570 0.8859
0.752659 568 0.8866
0.752659 567 0.8867
0.752659 566 0.8868
0.752466 566 0.887
0.752272 566 0.8872
0.752079 566 0.8873
0.751886 566 0.8877
0.751886 565 0.8878
0.751692 565 0.8882
0.751499 565 0.8886
0.751305 565 0.8893
0.751305 564 0.8907
0.751112 564 0.8909
0.750919 564 0.8915
0.750725 563 0.8917
0.750725 562 0.8918
0.750725 561 0.892
0.750532 561 0.8922
0.750338 561 0.8923
0.750145 561 0.893
0.750145 560 0.8938
0.750145 559 0.8941
0.750145 558 0.8944
0.750145 557 0.8948
0.750145 556 0.8949
0.749952 556 0.8952
0.749952 555 0.8959
0.749952 554 0.896
0.749758 554 0.8966
0.749758 553 0.8969
0.749565 553 0.8973
0.749565 552 0.8975
0.749178 552 0.898
0.749178 551 0.8982
0.748985 551 0.8983
0.748985 550 0.8987
0.748985 549 0.8989
0.748985 548 0.8993
0.748791 547 0.8994
0.748791 546 0.8997
0.748791 545 0.9004
0.748791 544 0.9008
0.748598 544 0.9009
0.748598 543 0.901
0.748598 542 0.9011
0.748598 541 0.9017
0.748405 541 0.9021
0.748405 540 0.9023
0.748211 540 0.9025
0.748018 540 0.9027
0.748018 539 0.9029
0.748018 538 0.9032
0.748018 537 0.9035
0.748018 536 0.9041
0.748018 535 0.9042
0.748018 534 0.9045
0.748018 532 0.9051
0.748018 531 0.9066
0.748018 530 0.9067
0.748018 529 0.9071
0.747824 528 0.9074
0.747631 528 0.9094
0.747631 526 0.9096
0.747244 526 0.9111
0.747244 525 0.9114
0.747244 524 0.9117
0.747051 524 0.9125
0.747051 523 0.9127
0.747051 521 0.9132
0.747051 520 0.9144
0.747051 519 0.9147
0.746857 519 0.9149
0.746857 518 0.9153
0.746664 518 0.9154
0.746664 517 0.9163
0.746471 517 0.9166
0.746471 516 0.9168
0.746471 515 0.9171
0.746277 515 0.9172
0.746277 514 0.9176
0.746084 513 0.9179
0.746084 510 0.9182
0.746084 509 0.9189
0.746084 508 0.9193
0.746084 507 0.9199
0.746084 506 0.9204
0.745891 506 0.9206
0.745697 506 0.9208
0.745504 506 0.9213
0.74531 506 0.9218
0.745117 506 0.922
0.745117 505 0.9221
0.744924 504 0.9224
0.744924 502 0.9225
0.74473 502 0.9227
0.74473 501 0.9232
0.744537 501 0.9234
0.744537 500 0.9238
0.744343 499 0.924
0.744343 498 0.9243
0.74415 498 0.9246
0.74415 497 0.9252
0.74415 496 0.9268
0.74415 495 0.9273
0.74415 494 0.9275
0.743957 494 0.9284
0.743957 493 0.9287
0.743957 492 0.9291
0.743957 491 0.9293
0.743957 490 0.9296
0.743957 489 0.9297
0.743957 488 0.93
0.743763 488 0.9305
0.743763 487 0.9309
0.743763 486 0.9314
0.743763 484 0.9317
0.74357 484 0.9319
0.743377 484 0.933
0.743377 483 0.9332
0.743377 482 0.9333
0.743377 481 0.9335
0.743377 480 0.9338
0.743183 480 0.9341
0.74299 480 0.9345
0.74299 479 0.9346
0.742796 478 0.9347
0.742603 478 0.9349
0.742603 476 0.936
0.742603 475 0.9368
0.742603 474 0.937
0.742603 473 0.9378
0.742603 472 0.9403
0.74241 472 0.9407
0.74241 471 0.9422
0.742216 471 0.9428
0.742023 471 0.9431
0.742023 470 0.9435
0.742023 469 0.9436
0.742023 468 0.9439
0.742023 467 0.9442
0.742023 466 0.9444
0.741829 466 0.9445
0.741636 466 0.9456
0.741636 465 0.9458
0.741443 465 0.9463
0.741056 465 0.9465
0.740863 465 0.9466
0.740669 465 0.9468
0.740669 464 0.9471
0.740669 463 0.9477
0.740476 463 0.9478
0.740476 462 0.9479
0.740282 461 0.9486
0.740282 460 0.9487
0.740089 459 0.9489
0.740089 458 0.9494
0.740089 457 0.9495
0.739702 457 0.9497
0.739509 457 0.9503
0.739509 456 0.9509
0.739122 456 0.951
0.738929 455 0.9519
0.738735 455 0.9522
0.738735 453 0.9526
0.738542 453 0.9528
0.738348 453 0.9531
0.738348 452 0.9532
0.738155 451 0.9534
0.738155 450 0.9535
0.738155 449 0.9541
0.738155 448 0.955
0.738155 447 0.956
0.738155 446 0.9568
0.738155 445 0.9569
0.737962 444 0.9571
0.737768 444 0.9579
0.737575 444 0.958
0.737382 444 0.9585
0.737382 443 0.9586
0.737382 442 0.9592
0.737382 441 0.9596
0.737188 441 0.9607
0.737188 440 0.961
0.737188 439 0.9617
0.736995 439 0.9619
0.736995 438 0.9622
0.736801 438 0.9624
0.736608 438 0.9625
0.736415 438 0.9627
0.736221 437 0.9629
0.736221 436 0.9632
0.736028 436 0.9635
0.735641 436 0.9637
0.735448 436 0.9639
0.735254 435 0.964
0.735254 434 0.9649
0.735061 434 0.9654
0.734868 434 0.9655
0.734868 433 0.9656
0.734868 432 0.9661
0.734868 430 0.9663
0.734674 430 0.9666
0.734674 428 0.9667
0.734481 428 0.9668
0.734287 428 0.967
0.734094 428 0.9671
0.733901 428 0.9673
0.733901 427 0.9675
0.733707 427 0.9687
0.733514 426 0.969
0.73332 426 0.9691
0.73332 425 0.9695
0.73332 424 0.9696
0.733127 424 0.9701
0.732934 424 0.9706
0.73274 424 0.9714
0.732547 424 0.9715
0.73216 424 0.9716
0.73216 423 0.9717
0.73216 422 0.9719
0.731967 422 0.9722
0.731773 422 0.9726
0.731773 421 0.9733
0.73158 421 0.9734
0.731387 419 0.9737
0.731193 418 0.9739
0.731193 417 0.9746
0.731 416 0.9757
0.730806 416 0.9758
0.730613 415 0.9761
0.73042 415 0.9762
0.730226 415 0.9764
0.730226 414 0.9766
0.730033 414 0.9768
0.730033 413 0.9771
0.729839 413 0.9772
0.729839 412 0.9773
0.729646 412 0.9776
0.729453 411 0.9779
0.729259 411 0.978
0.728873 411 0.9781
0.728679 411 0.9783
0.728486 410 0.9785
0.728292 409 0.9786
0.727906 408 0.9787
0.727519 408 0.9788
0.727325 408 0.9789
0.727325 407 0.979
0.727132 407 0.9791
0.727132 406 0.9794
0.727132 405 0.9797
0.726939 403 0.9799
0.726939 402 0.9801
0.726939 401 0.9802
0.726552 400 0.9806
0.726359 399 0.9807
0.726165 397 0.9808
0.725972 397 0.9813
0.725778 397 0.9815
0.725778 396 0.9822
0.725585 396 0.9824
0.725392 396 0.9825
0.725198 396 0.9826
0.725198 395 0.9827
0.724618 395 0.9829
0.724618 394 0.983
0.724425 393 0.9834
0.724038 393 0.9836
0.723651 393 0.9841
0.723264 393 0.9842
0.723071 393 0.9843
0.722878 393 0.9845
0.722878 392 0.9849
0.722684 391 0.985
0.722684 389 0.9853
0.722491 389 0.9856
0.722297 389 0.9857
0.721911 388 0.9858
0.721717 388 0.9866
0.721524 387 0.9868
0.721524 386 0.9869
0.72133 386 0.9871
0.721137 386 0.9872
0.72075 384 0.9873
0.720557 384 0.9874
0.720364 384 0.9875
0.720364 383 0.9876
0.72017 383 0.9879
0.72017 382 0.988
0.719977 382 0.9881
0.719783 382 0.9882
0.719783 379 0.9884
0.71959 379 0.9885
0.719397 378 0.9887
0.719397 376 0.9888
0.719203 376 0.9889
0.718816 375 0.989
0.718623 375 0.9891
0.718236 374 0.9892
0.717656 371 0.9894
0.717269 371 0.9895
0.717076 371 0.9896
0.716883 371 0.9899
0.716883 370 0.99
0.716496 370 0.9902
0.716302 370 0.9903
0.715916 370 0.9905
0.715722 370 0.9906
0.715529 370 0.9908
0.715336 370 0.991
0.715336 369 0.9912
0.715142 367 0.9913
0.714949 367 0.9915
0.714175 366 0.9916
0.713982 366 0.9917
0.713788 364 0.9918
0.713402 364 0.9919
0.713015 363 0.992
0.712628 363 0.9921
0.712628 362 0.9922
0.712241 360 0.9923
0.711855 360 0.9924
0.711661 360 0.9925
0.711661 359 0.9926
0.711468 357 0.9927
0.710694 356 0.9929
0.710501 356 0.993
0.710501 354 0.9932
0.710501 353 0.9933
0.709921 352 0.9934
0.709727 352 0.9937
0.709341 352 0.9938
0.709147 352 0.994
0.70876 352 0.9941
0.708567 352 0.9942
0.707987 351 0.9943
0.7076 351 0.9944
0.707407 351 0.9945
0.70702 351 0.9946
0.70702 350 0.9947
0.706246 350 0.9948
0.705666 348 0.9949
0.705279 348 0.995
0.705086 348 0.9951
0.704313 347 0.9952
0.704119 346 0.9954
0.703732 346 0.9955
0.702959 346 0.9956
0.702765 343 0.9957
0.701798 343 0.9958
0.701798 341 0.9959
0.701218 340 0.996
0.701218 338 0.9962
0.701025 338 0.9963
0.700251 337 0.9964
0.699671 336 0.9965
0.698898 336 0.9966
0.698318 335 0.9967
0.697544 334 0.9968
0.697351 334 0.9969
0.695997 332 0.997
0.69503 327 0.9971
0.694063 327 0.9972
0.693676 326 0.9973
0.693096 325 0.9974
0.691936 325 0.9975
0.691742 323 0.9976
0.691162 322 0.9977
0.690195 321 0.9978
0.689615 320 0.9979
0.689228 316 0.998
0.687488 316 0.9981
0.687101 314 0.9982
0.686328 312 0.9983
0.684974 312 0.9984
0.68362 312 0.9985
0.682653 311 0.9986
0.680719 308 0.9987
0.679366 304 0.9988
0.676852 300 0.9989
0.674918 298 0.999
0.671437 294 0.9991
0.669503 293 0.9992
0.666022 286 0.9993
0.661961 283 0.9994
0.6579 276 0.9995
0.653645 270 0.9996
0.648811 261 0.9997
0.639915 255 0.9998
0.625411 240 0.9999
0.5848 213 1
0 0 1e+020
0 0 1e+020
0 0 1e+020
0 0 1e+020
0 0 1e+020
0 0 1e+020
0 0 1e+020
0 0 1e+020
0 0 1e+020
